1134
323 21 22
22 422 323
227 543 182
52 543 227
42 476 81
347 566 530
530 21 323
530 566 21
410 22 381
422 22 410
88 325 248
344 40 497
58 385 270
49 50 515
130 268 49
500 14 13
13 173 500
478 170 188
23 24 454
381 22 23
19 20 57
57 119 19
57 310 119
20 310 57
395 20 21
21 566 395
267 543 52
165 237 171
585 101 331
407 285 535
162 42 41
476 42 162
219 325 88
486 325 219
414 95 223
422 410 246
323 422 129
129 530 323
422 246 129
129 246 77
347 530 129
513 410 381
513 414 223
223 246 513
513 246 410
381 23 513
23 414 513
344 592 356
87 497 191
284 248 378
88 248 187
514 310 153
153 310 20
20 395 153
153 395 566
153 369 514
566 369 153
4 3 502
5 4 415
2 1 438
81 517 43
43 42 81
0 43 135
135 43 517
495 3 2
84 3 495
81 476 206
206 517 81
117 178 297
297 178 536
133 297 536
236 133 536
9 8 564
564 8 74
67 8 7
74 8 67
144 60 463
281 311 216
268 311 281
48 49 459
459 49 268
459 281 48
268 281 459
336 262 48
336 281 216
48 281 336
584 110 244
584 336 110
204 584 244
66 183 389
430 183 66
275 173 568
568 587 275
500 173 275
275 14 500
192 10 9
568 173 132
132 526 568
568 526 301
221 409 86
389 183 411
411 170 389
411 188 170
368 566 347
368 369 566
514 369 263
95 414 241
182 543 215
331 101 294
348 324 294
276 324 348
571 267 52
52 329 571
64 165 171
171 407 64
64 407 227
64 227 182
182 165 64
237 165 477
477 292 237
86 409 150
535 285 491
559 407 535
227 407 559
52 227 559
559 329 52
210 162 41
41 356 210
210 356 592
210 592 572
476 162 210
255 68 300
300 187 255
71 68 255
223 95 432
117 218 290
290 178 117
218 300 290
290 300 68
447 23 454
447 414 23
41 40 417
417 356 41
417 40 344
344 356 417
234 248 325
378 248 234
372 39 19
19 119 372
40 39 551
175 109 378
344 497 149
497 87 149
87 175 149
149 592 344
572 592 149
149 443 572
149 234 443
378 234 149
149 175 378
378 109 382
382 284 378
248 284 396
396 187 248
255 187 396
541 300 218
187 300 541
541 219 88
88 187 541
5 415 556
556 415 394
394 230 556
398 591 114
114 332 398
487 591 156
156 398 280
591 398 156
295 1 0
0 135 295
370 438 1
2 438 353
353 495 2
353 475 442
62 402 84
84 495 62
62 353 442
495 353 62
84 402 416
416 3 84
416 502 3
314 206 468
468 69 314
517 206 342
342 206 314
342 475 525
572 443 362
362 468 572
69 468 362
113 342 314
475 342 113
442 475 113
318 332 114
457 541 218
457 218 117
133 236 118
118 446 424
236 446 118
448 6 5
202 6 448
202 230 214
65 230 394
65 394 114
114 591 65
65 591 487
487 214 65
65 214 230
179 446 243
179 328 424
424 446 179
198 214 487
418 214 198
328 179 518
106 455 144
391 455 106
99 273 453
9 564 224
537 67 7
479 67 537
7 6 59
59 537 7
570 537 59
93 6 202
93 59 6
570 59 93
594 273 99
594 168 273
144 463 121
121 463 479
121 106 144
74 330 75
124 224 75
75 564 74
75 224 564
375 463 60
60 330 375
375 330 74
479 463 375
74 67 375
375 67 479
469 124 186
186 168 469
124 75 186
186 75 330
273 168 186
60 273 186
186 330 60
496 494 509
383 336 216
110 336 383
540 183 430
420 470 61
242 470 420
420 354 305
335 563 61
244 110 335
110 563 335
505 470 304
505 204 244
244 335 505
61 470 505
505 335 61
253 36 37
253 445 36
579 445 589
37 46 589
589 46 579
589 253 37
445 253 589
48 262 47
172 445 579
389 170 451
451 66 389
430 66 63
213 143 63
305 430 63
63 143 305
167 13 12
12 456 167
439 12 11
524 456 12
524 120 456
11 10 131
131 351 11
11 351 429
429 439 11
461 439 429
554 481 287
287 481 339
478 188 147
147 301 478
568 301 147
147 112 568
188 112 147
240 239 108
478 301 108
264 301 526
339 240 264
240 108 264
264 108 301
228 170 478
228 451 170
228 465 338
338 451 228
252 239 240
240 221 252
252 221 86
86 490 252
252 490 239
371 221 240
371 240 339
339 481 371
369 368 364
109 263 364
364 263 369
364 368 347
364 382 109
454 24 433
433 447 454
433 241 414
414 447 433
24 25 303
95 241 78
211 25 26
261 588 483
483 588 331
483 324 261
331 294 483
483 294 324
346 27 449
449 588 346
101 585 450
450 215 101
182 215 450
450 165 182
450 477 165
585 477 450
127 379 348
127 419 379
543 267 510
267 562 510
510 215 543
267 571 435
58 562 435
435 562 267
435 385 58
409 221 361
361 102 409
221 371 361
361 55 102
29 292 28
404 585 331
404 477 585
292 477 404
134 595 195
195 467 134
511 467 195
363 595 134
190 595 363
134 467 256
266 393 285
148 393 266
285 407 266
171 148 266
266 407 171
285 393 174
174 491 285
309 491 174
116 393 148
309 150 197
197 491 309
197 150 409
409 102 197
102 491 197
329 559 79
79 55 329
102 55 79
79 559 535
535 491 79
79 491 102
77 71 532
284 382 532
532 396 284
532 71 255
255 396 532
68 71 464
223 432 464
77 246 160
160 71 77
160 246 223
223 464 160
160 464 71
178 290 352
119 310 56
56 372 119
39 372 56
56 310 514
125 497 40
40 551 125
191 497 125
109 175 573
573 175 87
573 87 191
191 263 573
573 263 109
394 415 400
400 415 4
4 502 400
502 176 400
426 176 502
502 416 426
280 133 326
326 156 280
133 118 326
326 118 424
1 295 209
209 295 135
209 370 1
327 353 438
475 353 327
525 475 327
327 370 525
438 370 327
503 402 279
503 416 402
503 426 416
161 206 476
161 468 206
572 468 161
161 210 572
476 210 161
146 342 525
517 342 146
146 135 517
146 209 135
525 370 146
370 209 146
443 234 271
271 362 443
271 234 325
350 62 442
442 113 350
279 318 288
176 426 288
288 503 279
426 503 288
117 297 376
376 457 117
413 352 82
5 556 321
321 448 5
321 556 230
321 230 202
202 448 321
418 198 97
97 518 391
97 198 328
328 518 97
391 106 97
97 106 418
92 60 144
144 455 92
92 273 60
92 453 273
151 419 99
99 453 151
157 224 124
157 192 9
9 224 157
312 214 418
202 214 312
312 93 202
499 270 385
499 594 270
168 594 499
499 408 469
469 168 499
270 594 245
58 270 245
99 419 245
245 594 99
419 127 245
418 106 466
106 121 466
466 312 418
570 93 466
93 312 466
593 50 18
18 494 593
18 17 575
575 494 18
509 494 575
575 17 509
527 17 16
527 16 485
14 275 277
137 563 110
110 383 137
137 383 216
216 311 137
311 54 137
203 540 430
203 430 305
305 354 203
315 54 128
315 128 205
205 105 315
474 35 36
34 35 547
185 470 242
304 470 185
512 420 61
354 420 512
53 47 262
262 336 53
336 584 53
445 172 520
172 567 520
213 63 322
66 451 384
384 63 66
384 451 338
384 322 63
507 33 34
482 143 213
482 313 143
143 313 269
232 587 568
568 112 232
302 167 456
456 111 302
13 167 302
173 13 302
302 111 173
298 111 456
456 120 298
298 132 173
173 111 298
526 132 298
12 439 217
217 439 461
217 524 12
217 461 247
247 524 217
351 131 386
386 131 10
386 546 83
10 192 386
192 546 386
247 461 577
461 429 577
577 287 247
554 287 577
405 166 222
320 577 558
554 577 320
558 531 320
320 531 166
247 287 365
365 524 247
120 524 365
365 287 339
239 465 462
462 108 239
478 108 462
462 228 478
465 228 462
159 264 526
526 298 159
159 298 120
508 433 24
24 303 508
241 433 508
367 78 241
241 508 367
367 508 303
193 432 95
95 78 193
406 303 25
25 211 406
26 27 444
504 562 58
58 245 504
504 245 127
101 215 152
215 510 152
348 294 152
152 294 101
385 435 85
103 85 435
222 166 103
166 85 103
222 55 380
55 361 380
380 405 222
237 292 492
292 29 492
171 237 492
331 588 425
425 404 331
425 588 449
100 33 122
511 195 542
374 195 595
98 542 374
374 542 195
308 150 309
309 363 308
308 363 134
134 256 308
308 256 490
308 490 86
86 150 308
490 256 286
286 256 467
286 465 239
239 490 286
338 465 286
286 467 338
207 174 393
309 174 207
190 363 207
207 363 309
30 116 516
382 364 293
293 532 382
293 364 347
77 532 293
347 129 293
293 129 77
580 464 432
432 193 580
580 290 68
68 464 580
580 193 82
82 352 580
580 352 290
191 125 278
278 125 551
278 56 514
278 551 39
39 56 278
278 263 191
514 263 278
394 400 560
560 400 176
114 394 560
176 288 560
560 318 114
560 288 318
555 326 424
156 326 555
424 328 555
328 198 555
487 156 555
555 198 487
402 62 154
279 402 154
154 196 279
62 350 154
436 271 325
362 271 436
314 69 73
73 113 314
69 362 73
362 436 73
280 398 397
397 398 332
489 413 82
82 193 489
489 193 78
545 446 236
236 139 545
243 446 545
545 139 550
529 139 236
413 139 529
529 236 536
352 413 529
536 178 529
178 352 529
552 70 276
348 379 552
552 276 348
387 455 391
391 518 387
518 333 387
366 518 179
366 333 518
366 179 243
317 70 553
570 466 254
254 466 121
254 121 479
479 537 254
254 537 570
494 496 337
337 593 494
50 593 337
496 208 337
515 50 337
337 208 515
403 527 485
515 208 501
501 49 515
130 49 501
399 15 14
249 15 399
14 277 399
249 399 349
349 399 277
16 15 586
473 208 496
473 496 509
509 403 473
128 54 343
343 428 128
316 460 169
169 460 493
291 540 205
540 203 574
574 105 205
205 540 574
574 203 354
354 512 574
574 512 105
225 315 105
105 512 225
61 563 225
225 512 61
35 474 519
76 547 35
431 547 76
35 519 76
76 519 431
549 185 431
549 519 561
431 519 549
549 561 304
304 185 549
584 204 235
235 53 584
46 47 235
47 53 235
155 567 204
155 505 304
204 505 155
155 520 567
304 561 155
561 520 155
89 520 561
561 519 89
89 519 474
89 474 36
36 445 89
445 520 89
539 384 338
322 384 539
511 322 539
338 467 539
539 467 511
34 547 138
138 547 431
388 100 122
98 100 388
231 185 242
431 185 231
231 138 431
269 138 231
189 420 305
305 143 189
143 269 189
522 232 112
460 232 522
493 460 522
522 411 493
522 112 188
188 411 522
199 429 351
199 577 429
199 386 83
351 386 199
83 558 199
558 577 199
319 558 83
319 531 558
83 546 319
136 405 554
554 320 136
166 405 136
136 320 166
264 159 177
339 264 177
177 365 339
120 365 177
177 159 120
303 406 96
211 299 96
96 406 211
392 367 96
96 367 303
27 346 258
258 444 27
26 444 181
377 299 181
181 211 26
181 299 211
377 458 538
538 458 261
523 510 562
523 152 510
562 504 523
523 504 127
523 127 348
348 152 523
408 499 282
282 85 166
282 499 385
385 85 282
282 531 408
166 531 282
329 55 259
259 571 329
259 55 222
222 103 259
259 435 571
259 103 435
357 361 371
357 380 361
357 371 481
357 481 554
554 405 357
405 380 357
115 148 171
171 492 115
115 116 148
115 516 116
472 31 32
32 163 472
472 163 31
104 425 449
104 27 28
449 27 104
404 425 104
28 292 104
292 404 104
32 33 521
33 100 521
423 322 511
511 542 423
213 322 423
423 542 98
341 595 190
32 521 296
296 521 100
296 100 98
98 374 296
283 116 30
393 116 283
283 207 393
229 29 30
30 516 229
229 492 29
229 115 492
516 115 229
359 318 279
279 196 359
219 541 126
541 457 126
506 359 196
578 359 506
582 154 350
350 107 582
196 154 582
582 506 196
107 506 582
557 350 113
113 73 557
557 107 350
557 73 436
280 397 360
360 133 280
297 133 360
360 376 297
360 397 376
376 397 80
80 397 332
80 359 578
332 318 80
318 359 80
91 238 392
392 96 91
91 96 299
272 366 243
317 333 272
333 366 272
201 390 233
201 70 317
317 272 201
78 367 583
583 489 78
455 387 345
345 92 455
453 92 345
548 553 70
548 552 379
70 552 548
151 553 548
379 419 548
419 151 548
17 527 184
527 403 184
509 17 184
184 403 509
434 349 277
587 232 434
434 275 587
434 277 275
140 306 316
140 250 528
316 169 140
140 169 250
16 586 200
200 586 289
485 16 200
533 586 15
289 586 533
533 15 249
533 306 289
249 349 533
349 306 533
528 250 412
412 220 528
128 428 412
428 220 412
205 128 412
412 291 205
528 220 180
289 306 180
180 140 528
306 140 180
72 180 220
355 54 311
355 343 54
54 315 373
315 225 373
373 137 54
563 137 373
373 225 563
204 567 488
488 235 204
488 172 579
488 567 172
579 46 488
46 235 488
145 507 34
34 138 145
122 33 145
33 507 145
164 388 122
313 482 164
122 145 164
269 231 484
484 189 269
484 231 242
242 420 484
420 189 484
531 319 194
408 531 194
194 124 469
469 408 194
590 181 444
590 258 346
444 258 590
377 181 590
377 538 441
251 441 538
276 70 251
324 276 251
261 324 251
251 538 261
257 482 213
213 423 257
257 164 482
388 164 257
98 388 257
257 423 98
534 296 374
534 341 163
534 163 32
32 296 534
534 374 595
595 341 534
30 31 90
90 283 30
578 506 544
486 219 544
219 126 544
544 107 486
544 506 107
274 557 436
274 325 486
274 436 325
486 107 274
107 557 274
376 80 141
141 80 578
457 376 141
141 126 457
578 544 141
141 544 126
142 139 413
550 139 142
142 401 550
427 272 243
243 545 427
390 201 427
427 201 272
550 390 427
427 545 550
421 553 151
421 151 453
453 345 421
317 553 421
421 333 317
421 387 333
421 345 387
349 434 260
260 460 316
260 232 460
260 434 232
316 306 260
260 306 349
291 412 576
250 169 576
576 412 250
340 355 311
340 268 130
340 311 268
130 501 340
265 501 208
208 473 265
581 145 138
581 269 313
581 138 269
313 164 581
581 164 145
124 194 158
158 194 319
158 157 124
192 157 158
158 546 192
158 319 546
94 590 346
261 458 94
94 458 377
377 590 94
94 588 261
94 346 588
334 441 233
238 441 334
334 401 238
233 390 334
334 390 550
550 401 334
377 441 569
569 441 238
238 91 569
569 299 377
569 91 299
307 201 233
233 441 307
441 251 307
70 201 307
307 251 70
283 90 437
190 207 437
207 283 437
437 341 190
163 341 437
31 163 437
437 90 31
489 583 452
413 489 452
452 142 413
291 576 498
183 540 498
540 291 498
498 411 183
498 576 169
493 411 498
498 169 493
212 403 485
212 473 403
180 72 123
72 565 123
565 212 123
289 180 123
123 212 485
485 200 123
123 200 289
480 340 501
501 265 480
355 340 480
358 265 473
473 212 358
358 212 565
471 452 583
142 452 471
471 367 392
471 583 367
401 142 471
392 238 471
238 401 471
355 480 440
428 343 440
343 355 440
440 480 265
265 358 440
226 440 358
226 565 72
226 358 565
428 440 226
226 220 428
226 72 220
