596
-1.000000000000e+00 1.000000000000e+00 0
-6.666666666667e-01 1.000000000000e+00 0
-3.333333333333e-01 1.000000000000e+00 0
0.000000000000e+00 1.000000000000e+00 0
3.333333333333e-01 1.000000000000e+00 0
6.666666666667e-01 1.000000000000e+00 0
1.000000000000e+00 1.000000000000e+00 0
1.333333333333e+00 1.000000000000e+00 0
1.666666666667e+00 1.000000000000e+00 0
2.000000000000e+00 1.000000000000e+00 0
2.333333333333e+00 1.000000000000e+00 0
2.666666666667e+00 1.000000000000e+00 0
3.000000000000e+00 1.000000000000e+00 0
3.333333333333e+00 1.000000000000e+00 0
3.666666666667e+00 1.000000000000e+00 0
4.000000000000e+00 1.000000000000e+00 0
4.333333333333e+00 1.000000000000e+00 0
4.666666666667e+00 1.000000000000e+00 0
5.000000000000e+00 1.000000000000e+00 0
-1.000000000000e+00 -1.000000000000e+00 0
-6.666666666667e-01 -1.000000000000e+00 0
-3.333333333333e-01 -1.000000000000e+00 0
0.000000000000e+00 -1.000000000000e+00 0
3.333333333333e-01 -1.000000000000e+00 0
6.666666666667e-01 -1.000000000000e+00 0
1.000000000000e+00 -1.000000000000e+00 0
1.333333333333e+00 -1.000000000000e+00 0
1.666666666667e+00 -1.000000000000e+00 0
2.000000000000e+00 -1.000000000000e+00 0
2.333333333333e+00 -1.000000000000e+00 0
2.666666666667e+00 -1.000000000000e+00 0
3.000000000000e+00 -1.000000000000e+00 0
3.333333333333e+00 -1.000000000000e+00 0
3.666666666667e+00 -1.000000000000e+00 0
4.000000000000e+00 -1.000000000000e+00 0
4.333333333333e+00 -1.000000000000e+00 0
4.666666666667e+00 -1.000000000000e+00 0
5.000000000000e+00 -1.000000000000e+00 0
-1.000000000000e+00 -1.000000000000e+00 0
-1.000000000000e+00 -6.666666666667e-01 0
-1.000000000000e+00 -3.333333333333e-01 0
-1.000000000000e+00 0.000000000000e+00 0
-1.000000000000e+00 3.333333333333e-01 0
-1.000000000000e+00 6.666666666667e-01 0
-1.000000000000e+00 1.000000000000e+00 0
5.000000000000e+00 -1.000000000000e+00 0
5.000000000000e+00 -6.666666666667e-01 0
5.000000000000e+00 -3.333333333333e-01 0
5.000000000000e+00 0.000000000000e+00 0
5.000000000000e+00 3.333333333333e-01 0
5.000000000000e+00 6.666666666667e-01 0
5.000000000000e+00 1.000000000000e+00 0
2.307261462568e+00 -2.518374312897e-01 1
4.904526595313e+00 -2.974506016281e-01 1
4.503635005574e+00 1.096597063543e-01 1
2.538725815654e+00 -9.281271136333e-03 1
-8.736762790999e-01 -7.188660355044e-01 1
-8.306039035316e-01 -9.814724327951e-01 1
2.066471888934e+00 -2.130507943266e-02 1
1.219031973284e+00 9.789994003352e-01 1
1.614818204599e+00 4.854109567928e-01 1
4.437294764934e+00 -2.710779796736e-01 1
-1.992027066867e-01 6.629886658225e-01 1
3.773813529910e+00 -2.600427075637e-01 1
2.322625812438e+00 -5.418140967946e-01 1
7.081621424248e-01 6.584061046310e-01 1
3.767443647346e+00 -7.124676404782e-02 1
1.497683168256e+00 9.188816898588e-01 1
1.870717140125e-01 -3.443708988393e-01 1
-5.429591275676e-01 3.251544827985e-01 1
1.447276614649e+00 -1.762857905341e-01 1
2.394929467962e-03 -4.687726234386e-01 1
4.367949752353e+00 5.212270998592e-01 1
-4.110316646086e-01 3.890219535899e-01 1
1.702723124651e+00 8.206326011957e-01 1
1.820307668100e+00 7.925466263960e-01 1
4.258242777268e+00 -9.102032004340e-01 1
-7.883399942977e-02 -6.100857894859e-01 1
6.337641795244e-01 -6.269585341755e-01 1
2.604076477690e+00 -1.970504715712e-01 1
2.793091212395e-01 3.195276629702e-01 1
-9.157936691728e-01 4.858204418897e-01 1
5.571001463543e-01 -3.629845053704e-01 1
2.378597465929e+00 7.456061898948e-01 1
-9.066696047873e-02 8.865423878964e-01 1
2.240574277976e+00 1.500041319883e-01 1
3.002163681516e+00 -1.612719560994e-01 1
-6.712840280121e-01 -3.476407320737e-01 1
-1.961257212325e-01 -3.100109471200e-02 1
4.602807315551e+00 -8.952233871307e-01 1
2.877992668300e+00 -9.469099005432e-01 1
1.083061994022e+00 -6.993389871016e-01 1
1.532481602051e+00 3.835558175670e-01 1
1.095581719205e+00 8.477456023417e-01 1
1.524303397312e+00 -7.316159664919e-01 1
4.134641349735e-01 -6.530612416983e-01 1
9.870541576148e-01 -7.813597193631e-01 1
1.103742464370e+00 3.943022624327e-01 1
3.469917577668e+00 -6.637240760705e-01 1
1.724103763765e+00 1.962318922339e-01 1
3.505037539606e+00 -8.775784985139e-01 1
1.984489838855e+00 -4.564433241718e-01 1
2.675719812840e+00 -1.223906556766e-01 1
2.361020690034e+00 6.930015432864e-02 1
1.875622655310e+00 -9.209839316017e-01 1
4.267108267053e+00 -8.920579587715e-02 1
1.241128135389e+00 4.853575525731e-01 1
-1.406531589890e-01 3.833578354706e-01 1
3.263975424246e+00 1.939041173315e-01 1
-4.719859272893e-01 -4.532257505254e-01 1
4.709537278083e+00 -2.297195137003e-01 1
3.261041648953e+00 7.903919247676e-01 1
3.635502851817e+00 4.723385214515e-01 1
-4.374733094808e-01 5.572909088561e-01 1
4.950398740064e-01 5.430559906738e-01 1
2.485680926980e+00 -8.144504496978e-01 1
2.611169844604e+00 -8.540875043746e-01 1
3.760939036102e-01 -5.562428894886e-02 1
7.727790972166e-01 7.531967900092e-02 1
-8.864850432175e-01 -8.683195975780e-01 1
3.091391018503e+00 6.342738533023e-01 1
1.354967988243e+00 6.379028706520e-01 1
3.710806538066e+00 -8.379901596231e-01 1
4.333548657940e+00 6.786635793641e-01 1
1.985865873522e+00 7.235718528217e-01 1
-8.535520055875e-01 -4.241194623510e-01 1
6.671264354070e-02 6.303579514086e-02 1
1.866668818672e+00 -1.319112509123e-01 1
4.326502724260e+00 1.854540564034e-01 1
-1.406258160481e-01 -7.582542486182e-01 1
4.849367281764e+00 2.964887037546e-01 1
2.440800596292e+00 9.955483665124e-01 1
3.366830899346e+00 5.737600501628e-01 1
6.604592647313e-01 9.405283858605e-02 1
3.188573891247e+00 -4.293173647323e-01 1
-8.878643899154e-01 8.572862875645e-01 1
2.562879455730e+00 3.629205309936e-01 1
4.601091398374e+00 -4.848552829335e-02 1
4.022057775032e+00 -8.120717771071e-01 1
8.536117612653e-01 -1.998722087000e-01 1
4.054617038574e+00 5.188122146176e-01 1
1.940324423615e-01 1.316946962282e-01 1
8.913106164054e-01 -3.804466942068e-01 1
3.877209265806e+00 -4.551287416365e-01 1
1.401908241311e+00 4.963273975853e-01 1
3.836297806130e+00 -8.678620194965e-01 1
-7.391041366214e-01 7.780093666201e-01 1
3.506375326861e+00 3.341139242461e-01 1
2.551085930427e+00 -6.660515191123e-01 1
-6.716645830538e-01 -1.010536139500e-01 1
2.977193645864e+00 -2.735543178774e-01 1
1.562679621470e+00 6.546204550655e-02 1
1.950439855840e+00 -3.476102720653e-01 1
-6.077593271283e-01 -9.158974273672e-01 1
-1.031614970566e-01 5.869070933151e-01 1
4.589631746011e+00 -6.763699854656e-01 1
6.870300749290e-01 3.377316418013e-01 1
2.029407695900e+00 8.570977709512e-01 1
2.098266305020e+00 7.158458092951e-01 1
3.182667666115e+00 5.119204967861e-01 1
1.252285344953e-01 -5.704069037167e-01 1
-7.555803096651e-01 2.488200388591e-01 1
-9.529549790763e-01 1.685442435609e-01 1
3.121286441605e+00 -8.710630271665e-01 1
3.756590857294e+00 -7.108625022691e-01 1
2.280785568182e+00 -6.473975534348e-01 1
2.370141790768e+00 2.763297437903e-01 1
3.133729877549e+00 9.650866120781e-01 1
1.893679509173e+00 3.658824370270e-01 1
3.919605893831e+00 3.689905021696e-01 1
3.589799167386e+00 6.868953975050e-02 1
2.415440682439e+00 -6.518072750558e-01 1
4.776074132295e+00 -7.324045533153e-01 1
3.401794502642e+00 7.532751199663e-01 1
2.766813726340e+00 -4.815962554623e-01 1
-5.659346414714e-01 -3.074692542258e-01 1
3.259064494813e-01 7.694704738678e-01 1
3.053551899476e+00 4.857489880859e-01 1
4.994837259467e-01 -1.401709426749e-01 1
1.052193297955e+00 9.278592165861e-02 1
4.218811901715e+00 6.440998196028e-01 1
1.320539849873e+00 -8.295137232071e-01 1
2.192246116248e+00 -4.927755553336e-01 1
3.859527623181e+00 6.049914572350e-02 1
4.609564823174e+00 8.991020626922e-01 1
4.319995567305e+00 -6.266992615303e-01 1
1.877895734433e+00 5.772900639559e-01 1
-7.651269822058e-02 -1.612182741676e-01 1
3.619905423413e+00 2.571228581762e-01 1
4.058029407045e+00 -4.713097145754e-01 1
2.999367550719e+00 -6.777730337450e-01 1
-7.299177909469e-01 -4.794200886996e-01 1
2.150175766040e+00 8.839854857944e-01 1
4.688920559644e-01 -5.092615168012e-01 1
2.111517637466e+00 5.537127640451e-01 1
3.319146127137e+00 -5.114460262924e-01 1
5.719744286493e-02 4.685554194286e-01 1
2.837023805818e+00 -2.918861975153e-01 1
9.042224352630e-01 4.207455227837e-01 1
2.560036919861e+00 7.700038488552e-01 1
4.280054702774e+00 8.887155221945e-01 1
1.311014498008e+00 -1.715435842657e-01 1
9.338330598585e-01 7.949428312287e-01 1
4.053311738012e+00 -1.982102943391e-01 1
4.678743862985e+00 -5.344313798843e-01 1
4.176847426134e+00 9.990849578625e-03 1
-7.742011988846e-01 4.933779401170e-01 1
2.892838594138e+00 -6.511044846203e-01 1
4.806631077046e+00 5.130702579508e-01 1
-7.313484099986e-01 9.186293017337e-01 1
-7.989857191196e-01 7.213618739800e-02 1
1.140684644642e+00 -9.296826901947e-01 1
4.433541620968e+00 7.554477905617e-01 1
3.752452301095e+00 -4.864582136805e-01 1
9.365699196159e-01 6.512264117493e-01 1
2.105021073787e+00 -4.340232327469e-01 1
4.750387949383e+00 1.260171557209e-02 1
2.906739422714e+00 8.653958551767e-01 1
1.880246969523e-01 -1.083261781546e-01 1
-8.135756611886e-02 5.887573862269e-02 1
4.278962168870e+00 4.199479442813e-01 1
2.952913569619e+00 6.867982614807e-03 1
2.551922420264e+00 1.133997092657e-01 1
2.359342754686e-01 -6.602694082381e-01 1
1.904165786868e+00 8.996394220760e-01 1
4.425007470863e+00 -1.322066656845e-01 1
4.451220090214e+00 4.543901271742e-01 1
2.371893361580e+00 -3.816504837682e-01 1
3.495621277451e+00 -5.631060981311e-02 1
2.441788524224e+00 -9.757471062734e-01 1
7.681964915426e-01 7.509157422175e-01 1
4.211175763328e+00 -6.104586701605e-01 1
3.685428774379e+00 5.924196440901e-01 1
1.249298143776e+00 -3.360419327352e-01 1
-4.598477990295e-01 -5.879735404272e-02 1
4.913809300562e+00 -4.820907754554e-01 1
7.348356341922e-01 -7.815927544375e-02 1
2.247537367682e+00 -7.736916872738e-01 1
1.090031819599e+00 -5.315867819525e-01 1
3.194437361458e+00 -3.821997779293e-02 1
2.991654470263e+00 2.100409404683e-01 1
6.551333609910e-01 -7.425260375483e-01 1
4.247178132444e+00 -5.112263652618e-01 1
1.089351957466e+00 -3.053788695803e-02 1
4.624137732210e+00 -4.159481917806e-01 1
1.883512988318e+00 5.844025340045e-02 1
4.673804076895e-02 -7.214453899505e-01 1
2.790492389480e+00 7.067586981230e-01 1
-2.794280600821e-01 -1.036347675008e-01 1
3.939285689934e+00 9.071636293421e-01 1
4.044590672538e+00 3.965227611945e-01 1
1.434292596343e+00 -3.752229829296e-01 1
3.068678374011e+00 -5.091038608836e-02 1
4.858757231104e+00 -9.849447069157e-01 1
1.273935108179e+00 7.380098672336e-01 1
-1.686707554619e-02 -3.074677214259e-01 1
3.225817984163e+00 -2.854945659879e-01 1
3.627037477169e+00 -6.132669552092e-01 1
1.569587220734e+00 -9.535799797850e-01 1
2.430488906197e+00 -2.867150418827e-02 1
3.857688120718e+00 6.685222865765e-01 1
1.593411300887e+00 -5.618373263074e-01 1
4.987519409960e+00 -2.201428091800e-01 1
-6.049285905072e-01 -6.068121334710e-01 1
3.128746687136e+00 3.315503068225e-01 1
4.681377637768e+00 4.580151557803e-01 1
2.560339991444e+00 -5.635905769645e-01 1
2.199280827261e+00 -2.027125650010e-01 1
4.854624184780e+00 1.851796212517e-01 1
3.998197858638e+00 -6.426405466656e-01 1
1.968756789789e+00 1.701760802106e-01 1
-4.400578796241e-01 1.057187039685e-01 1
1.243729713375e+00 -2.411768643399e-02 1
1.766514122215e+00 3.370777728888e-01 1
-2.429470481884e-01 2.121503624685e-01 1
3.557639752976e+00 7.611048930531e-01 1
1.636414260322e+00 -3.418076883143e-01 1
3.757110740880e+00 8.592372479700e-01 1
-8.238065004665e-01 -5.867159898013e-01 1
1.282919528489e-01 6.116060862532e-01 1
5.612687040207e-01 2.198099641874e-01 1
4.838072520344e+00 7.431686776796e-02 1
2.202849985176e+00 2.560705337376e-01 1
2.807421175065e+00 -7.837527468911e-01 1
-2.707600010073e-01 -3.473304729078e-01 1
2.615158237930e+00 -4.443946795999e-01 1
3.305479607756e+00 -2.108061735155e-01 1
2.766731560158e+00 4.651197167528e-01 1
2.688867581009e-01 6.654036731451e-01 1
4.197991654488e+00 8.065660926795e-01 1
3.242266708107e-01 -2.717361651855e-01 1
4.098723420909e+00 9.994707160501e-02 1
2.122941300331e+00 -8.824322770781e-01 1
-1.999768790659e-01 -5.707749810404e-01 1
1.841471123065e+00 -4.488184418493e-01 1
-8.891986716380e-01 9.647648070883e-01 1
3.389164135145e+00 -8.569877187710e-01 1
4.818576795025e-01 3.877062494134e-03 1
3.221747568098e+00 6.477654827883e-01 1
1.165280201325e+00 -7.825006666922e-01 1
1.171441098613e-01 -2.045460609535e-01 1
3.336282131844e+00 3.409687265945e-01 1
3.266202603254e+00 9.014754222850e-01 1
8.502741061376e-01 -8.817477657796e-01 1
4.481357637893e+00 -6.453762496814e-01 1
3.971945505660e+00 -3.507424430752e-01 1
4.066312433549e+00 6.462073675454e-01 1
1.363875630466e+00 -2.988251961064e-01 1
3.130474290203e+00 -3.277246472311e-01 1
2.906707700665e+00 -4.439133648205e-01 1
-7.580481215816e-01 -8.212091410869e-01 1
4.701835806187e+00 1.179371835196e-01 1
1.052875070124e+00 6.968498985375e-01 1
3.897172081691e+00 -6.735050671828e-01 1
-6.162013587294e-01 4.659257832574e-01 1
4.358961500772e+00 3.331586968468e-02 1
3.975241017244e+00 5.835208292046e-01 1
1.348601275738e+00 3.382286077387e-03 1
2.597060359498e-01 4.985297105023e-01 1
2.267972286006e+00 6.725263103290e-01 1
2.483636682024e+00 4.307370678719e-01 1
7.638900086696e-01 9.081503490540e-01 1
3.606423470740e+00 -3.935036640586e-01 1
-1.867069565973e-01 -9.341938821706e-01 1
1.667919393888e+00 -4.499279482318e-01 1
-2.527540820442e-01 8.761890722218e-02 1
7.322057544874e-01 1.699667923188e-01 1
-5.093535122450e-01 7.772933003552e-01 1
9.800213146566e-01 2.510273611089e-01 1
2.419206234369e+00 -1.333762604052e-01 1
1.755956366833e+00 6.330037820117e-01 1
1.854408996658e+00 -6.113896420611e-01 1
3.604954142983e-01 3.972311742654e-01 1
1.271154268217e+00 1.382134374220e-01 1
1.126918877552e+00 -4.048979496045e-01 1
4.547755038427e+00 -3.132149818416e-01 1
4.857681691677e+00 -1.051590494397e-01 1
4.886169346222e+00 6.639494002990e-01 1
3.487977861539e+00 -1.678422208866e-01 1
2.925205394993e+00 3.367963237130e-01 1
4.752130933794e+00 2.538340677663e-01 1
3.094496360556e+00 -7.687187921817e-01 1
-6.240931614226e-01 6.085512120296e-01 1
4.459669226788e+00 2.299447980831e-01 1
-8.311734164233e-01 -1.710607021757e-01 1
1.434272914128e+00 2.542890565727e-01 1
1.624422803735e+00 -7.976106010061e-01 1
-3.049585996726e-01 -6.653180953641e-01 1
1.784088715216e+00 -2.928481291800e-01 1
3.888122773393e+00 8.012116795385e-01 1
-2.424423047545e-01 4.862312712227e-01 1
2.557177705567e+00 9.235297267970e-01 1
4.952793740843e-01 -2.541772489645e-01 1
-3.085413467202e-01 8.596217105546e-01 1
4.148593747832e+00 -2.457993973951e-01 1
4.583402197072e+00 2.335758902595e-01 1
-9.172178180708e-01 -7.577165001416e-02 1
2.747404929818e+00 2.194760290625e-01 1
4.527070148982e+00 5.838389675845e-01 1
1.815461981072e-01 4.197237771935e-01 1
4.436893807710e-01 1.176936867710e-01 1
2.781166826053e+00 7.290962730412e-03 1
-5.074483791668e-01 2.203133553746e-01 1
3.073316851535e+00 -5.200988272455e-01 1
-3.546909360947e-01 -5.650723116613e-01 1
2.928423355341e+00 5.464440083606e-01 1
1.187486413119e+00 7.838071510128e-02 1
7.905298607804e-01 -6.666038414712e-01 1
-4.444683164196e-01 -7.188341293230e-01 1
-5.474829163716e-01 -6.968318749043e-01 1
-6.135263566559e-01 8.819089000599e-01 1
2.860911359642e+00 2.544353057621e-01 1
-9.683537832429e-01 -8.063180048751e-01 1
4.495215918762e+00 -5.031837395151e-02 1
3.357476390575e+00 -6.858844823066e-01 1
1.594352269645e+00 6.941239118795e-01 1
3.261460504801e-01 5.865173120691e-02 1
1.287423032359e+00 -6.886229706865e-01 1
-4.649707257329e-01 -2.644167953420e-01 1
1.694012781502e+00 -1.248290632618e-01 1
2.686529512312e+00 1.304454730066e-01 1
2.101294564163e-01 -9.463212476072e-01 1
-3.380383364011e-01 -4.324582150310e-01 1
4.748517681937e+00 -9.278813750763e-02 1
3.659633051689e+00 -2.189560251497e-01 1
2.128631506394e+00 9.659894713340e-02 1
2.377747042603e+00 8.692101945273e-01 1
1.288937434734e+00 2.415446945703e-01 1
3.627598401945e+00 -7.520296148269e-01 1
3.729323960673e+00 3.148856286214e-02 1
1.196343718285e+00 -2.460526612570e-01 1
1.199887586128e+00 3.362128427220e-01 1
9.752240253171e-01 -6.494021202779e-01 1
2.674614357897e+00 -6.330429699409e-01 1
5.888307269288e-01 7.431929933660e-01 1
-4.638610999608e-01 -9.655209760215e-01 1
-1.804108581029e-01 -2.868390307215e-01 1
4.394104417409e-01 2.696422144581e-01 1
5.821970000669e-01 4.399392479789e-01 1
3.822330640718e+00 9.646225124105e-01 1
4.163964468534e-01 8.885162191952e-01 1
9.907131940043e-01 -4.046864728949e-01 1
-3.733316813726e-02 7.068314003541e-01 1
4.497620531387e+00 8.714568337971e-01 1
1.973559722357e+00 -7.365654075104e-01 1
2.566047052435e+00 2.412514414479e-01 1
9.608174783813e-01 -8.841382403227e-01 1
2.512138602968e+00 -4.437955945046e-01 1
2.089169671012e+00 4.501262213295e-01 1
2.813360608745e+00 -1.326102688593e-01 1
9.990859162528e-02 -8.612494447646e-01 1
3.742759580743e+00 2.546230302757e-01 1
4.163119907981e+00 2.228763397633e-01 1
7.132553867113e-01 -2.931921704511e-01 1
3.745170436860e-01 -7.755752693274e-01 1
4.983668473625e-01 9.608528387508e-01 1
-1.138336873010e-02 8.093613054688e-01 1
-9.910837104227e-01 -1.733271488640e-01 1
1.122236365589e+00 5.214996896688e-01 1
1.776605936281e+00 1.073857554406e-02 1
4.183798232466e+00 -3.782139809746e-01 1
1.437214476348e+00 1.446529005526e-01 1
-3.253452598816e-02 -8.221144653257e-01 1
3.560006285776e+00 -5.262738027484e-01 1
8.709886048287e-01 1.446138666145e-01 1
1.816185139335e+00 -7.792855385514e-01 1
1.947087124628e-01 8.149472235937e-01 1
1.114982957743e+00 -1.582804602647e-01 1
4.379364720265e+00 3.145028016049e-01 1
2.651306979266e+00 8.840801021499e-01 1
3.873692763191e+00 -1.303396350274e-01 1
4.235981688714e+00 -7.849904519651e-01 1
3.582765522871e-01 -5.582091737445e-01 1
5.844489585331e-01 -8.775434701466e-01 1
3.746538627001e+00 7.352162294919e-01 1
2.247745296346e+00 -4.572482674609e-02 1
-3.794299835278e-01 2.162337346251e-01 1
2.936142310645e+00 -8.097627036946e-01 1
-4.414145758609e-01 9.337053221687e-01 1
2.781843790345e+00 9.700418110272e-01 1
4.535058391110e+00 3.630597460044e-01 1
1.292187679368e+00 -4.927238610560e-01 1
-3.034583769278e-01 6.900937441384e-01 1
-5.523120471363e-01 -2.171753694932e-03 1
1.456108231536e+00 -9.511132833055e-01 1
4.813116005375e+00 -8.680346523133e-01 1
9.478688279143e-01 2.365253386045e-02 1
4.690714519713e-01 -8.897912375642e-01 1
8.626096903613e-01 9.548329562300e-01 1
1.761662583409e+00 -9.157659321664e-01 1
2.112118540978e+00 -5.806644191526e-01 1
3.601336548035e+00 -5.282655487734e-02 1
7.768170868416e-01 -4.010024225578e-01 1
1.588131991850e+00 2.254423868086e-01 1
5.390358195984e-01 -9.855247630787e-01 1
1.361521344419e+00 3.432076724469e-01 1
3.129831050627e+00 8.180308649484e-01 1
1.713629274196e-01 5.355085337849e-03 1
1.491799503925e+00 -5.961232906757e-01 1
4.959087854755e+00 1.133810635236e-01 1
3.823892916346e+00 5.447308564690e-01 1
2.770595251685e+00 8.480319487859e-01 1
3.295924151764e+00 2.265515610746e-02 1
1.490149150152e+00 5.987396784465e-01 1
2.245851525516e-01 -4.758052089909e-01 1
3.361723138947e+00 -7.857975910375e-02 1
1.158299700076e+00 6.468571109119e-01 1
3.365919654960e+00 -2.937818115339e-01 1
-6.533777610496e-01 3.286605366388e-01 1
1.984022537809e+00 4.907526751359e-01 1
4.347389870209e+00 -4.681202816858e-01 1
8.639625862768e-01 -5.556032815481e-01 1
3.147743317475e+00 -9.833292956480e-01 1
4.617250012669e+00 6.366937196074e-01 1
4.536234720865e+00 -9.880662330487e-01 1
-4.641060344247e-01 6.853679908967e-01 1
-8.584720481135e-01 2.438519101323e-01 1
2.098583186718e+00 -7.805812023624e-01 1
3.438221442887e+00 1.797483249147e-01 1
1.402641701036e+00 8.073423142541e-01 1
4.673632839774e+00 3.284760496414e-01 1
2.804681203054e+00 3.456716202246e-01 1
3.786944252218e+00 -6.036216230038e-01 1
1.712630243857e+00 -5.903239470675e-01 1
4.126303757209e+00 -5.472126352967e-01 1
4.397320321241e+00 8.509864624078e-01 1
-1.292061084023e-01 1.559480224403e-01 1
7.978902149949e-01 5.304376025302e-01 1
4.838064076224e+00 -6.254754451273e-01 1
6.868782292938e-01 -4.681664367668e-01 1
3.189465213344e+00 -1.880561022273e-01 1
2.727549568711e+00 -3.458919407840e-01 1
2.338154492664e+00 -8.731751527300e-01 1
3.810048632802e+00 3.633158741692e-01 1
4.915928009158e+00 8.562243013152e-01 1
-2.170277242246e-01 9.148356046421e-01 1
4.741719953234e+00 6.790204908718e-01 1
-7.801273650430e-01 -3.135460479323e-01 1
3.956315450043e+00 1.785498535663e-01 1
2.012854762918e+00 2.922268428115e-01 1
3.553593583651e+00 9.959709782542e-01 1
4.818533094102e+00 4.024964453873e-01 1
1.983450562733e-01 9.215059135524e-01 1
7.805705336036e-02 7.057800599165e-01 1
1.979207152608e+00 -9.381025612694e-02 1
4.532816921283e+00 -4.853984327648e-01 1
2.956321747192e-02 3.267066945996e-01 1
3.873092564821e+00 -9.930423355338e-01 1
7.187898430678e-01 -8.911821924074e-01 1
4.681652988095e+00 8.243523213234e-01 1
2.078145050873e+00 -2.966238071063e-01 1
3.471791469818e+00 -4.117552008188e-01 1
4.292090625648e+00 -1.964078276990e-01 1
2.672090864483e-01 -7.812260619124e-01 1
-6.739744442670e-01 -7.347177237862e-01 1
4.952823445149e+00 5.263679927697e-01 1
2.567373521936e+00 -9.719793157158e-01 1
-8.834395131080e-01 6.816000499746e-01 1
1.082765189012e+00 2.634446541396e-01 1
4.400825431489e+00 -8.627562629252e-01 1
4.673259240352e+00 -7.778945618520e-01 1
3.447277640650e+00 -9.689731091625e-01 1
3.737527382423e+00 4.682020443112e-01 1
1.942913940837e+00 -2.121465382047e-01 1
3.029119809059e+00 7.624795335625e-01 1
-6.165371558519e-01 7.774812978142e-01 1
3.298011902190e+00 4.869514809594e-01 1
4.446309121047e+00 9.991350294997e-01 1
4.141985527080e+00 4.632883716248e-01 1
7.065153039078e-01 -1.821799932090e-01 1
-2.491230747943e-01 -8.007449717354e-01 1
2.249104040367e+00 5.297175989104e-01 1
-1.274528736129e-01 -4.652333090322e-01 1
4.056375712842e+00 8.945614256935e-01 1
3.196893114473e+00 -7.756668432262e-01 1
2.608727323346e+00 -3.409417862064e-01 1
6.096850248047e-01 -7.123794935194e-02 1
1.312759329101e+00 8.780489148046e-01 1
1.415787255955e+00 -5.246702194551e-01 1
3.515769412768e+00 -3.185719048943e-01 1
4.055581763137e+00 -3.773035194045e-02 1
-8.967253534728e-03 -7.701473666167e-02 1
3.438651501170e+00 -5.386941563299e-01 1
2.189527792672e+00 -3.201779744787e-01 1
-2.244012872653e-02 1.808922091266e-01 1
9.760627276661e-01 -9.941347073060e-02 1
2.281855752523e+00 7.848750220858e-01 1
4.090219197024e+00 -9.078506289644e-01 1
1.577600407685e+00 -6.977285488705e-02 1
4.377932856133e+00 -7.124064265472e-01 1
9.903211861139e-01 -2.821845914056e-01 1
-9.555643548564e-01 -5.428297555608e-01 1
1.658183548087e+00 -2.315576976330e-01 1
1.466556843477e+00 -3.565269231825e-03 1
2.663628482508e+00 3.817177788569e-01 1
8.310837667704e-01 3.154071436980e-01 1
6.700387342977e-01 8.473258932233e-01 1
-2.969949696468e-01 3.916873706975e-01 1
2.409136064625e+00 5.758508557408e-01 1
2.482001872255e+00 -3.170900488644e-01 1
4.394584987855e-01 6.810848932245e-01 1
4.473742574562e+00 -7.728560895255e-01 1
2.064641691134e+00 -1.649560829457e-01 1
4.534086139824e+00 -1.597059624908e-01 1
1.758428634777e+00 9.527972105571e-01 1
4.425915571166e+00 6.070659357957e-01 1
-4.151192333670e-01 -8.355666456840e-01 1
4.698580639824e+00 -6.369521531264e-01 1
3.500556441119e+00 5.344926074742e-01 1
1.187506629676e+00 -6.291430971328e-01 1
1.204987454335e+00 8.455565525408e-01 1
2.310804607989e+00 -1.309942885950e-01 1
-6.841136191085e-01 8.593890335989e-02 1
-6.070411249228e-01 -4.581895879211e-01 1
4.143577676236e+00 -1.278745531857e-01 1
4.786742365251e+00 9.880836533285e-01 1
4.017223114009e+00 2.793733424382e-01 1
2.645465269858e+00 6.702691340951e-01 1
1.392602688615e-01 2.888532422372e-01 1
4.885207834355e+00 -7.255578135689e-01 1
3.880318470918e-01 -4.187567548281e-01 1
3.898525102203e+00 -7.761113502209e-01 1
-8.649012757072e-02 4.733629888360e-01 1
7.507798815247e-01 -5.671601356220e-01 1
4.776350292008e+00 -3.180454383494e-01 1
2.012821752582e+00 -6.222418829574e-01 1
4.183290737636e+00 9.827205148131e-01 1
3.612983631484e+00 6.656718652720e-01 1
1.714496633814e+00 -7.253136406939e-01 1
4.919950403539e+00 -8.621066833636e-01 1
1.450489546300e+00 -8.291796890169e-01 1
6.898734144361e-01 5.007751085624e-01 1
-7.891656286549e-01 -4.853995116261e-02 1
4.987880008742e+00 7.746222865368e-01 1
1.856502185935e+00 2.092419918243e-01 1
3.170025036983e+00 -5.711484023321e-01 1
